0 16 0 8 0 10 0 0 0 0 2 0 11 0 0 0
15 10 13 0 0 0 0 4 16 11 0 7 0 0 0 5
0 14 0 11 0 6 15 9 0 5 0 0 0 2 16 0
2 7 0 5 12 0 8 16 15 0 9 0 1 0 4 14
0 0 0 2 5 12 0 0 1 0 0 0 0 14 9 0
3 0 0 14 11 4 7 1 0 0 0 15 16 5 6 10
4 0 0 0 9 8 0 0 6 0 0 0 3 1 11 0
10 0 11 1 6 0 0 2 0 0 4 0 12 8 0 13
0 0 0 6 0 0 9 0 4 7 8 0 0 0 0 1
14 3 0 0 8 0 1 5 11 13 0 0 0 0 0 0
0 13 0 12 0 0 0 0 0 1 5 0 2 4 0 15
1 11 0 0 0 0 0 12 0 16 10 3 5 0 13 8
0 4 0 0 0 9 6 14 3 0 7 0 0 16 2 0
0 12 2 0 0 16 0 8 0 15 0 11 0 9 1 0
0 0 14 0 2 1 0 11 0 10 0 9 0 0 0 0
9 1 0 10 0 0 0 0 0 0 0 2 0 13 0 11