0 16 1 8 0 0 5 3 14 12 2 4 0 15 7 0
15 0 0 0 1 14 2 4 16 11 3 0 6 12 8 0
12 14 0 0 0 0 0 9 0 0 1 8 0 2 0 0
0 7 3 0 12 0 8 16 0 6 0 0 0 10 0 14
0 0 8 0 0 12 16 15 0 3 0 0 7 14 0 4
3 9 12 14 0 4 7 1 0 2 13 0 0 5 6 10
0 15 7 16 9 8 10 13 6 14 0 0 0 1 11 2
10 5 11 1 6 3 14 2 7 9 4 16 0 8 15 13
0 0 15 0 16 13 0 10 4 0 8 0 14 0 3 1
0 3 0 4 0 0 1 0 0 13 15 0 9 0 12 16
0 0 0 0 3 7 11 6 9 1 0 14 0 4 10 0
1 0 9 0 0 0 0 12 0 0 10 0 0 0 13 8
0 0 0 13 10 9 6 0 3 0 7 1 15 16 0 12
7 0 0 3 4 0 0 8 5 15 14 11 0 9 1 6
0 8 0 15 2 1 0 0 13 10 6 0 4 0 5 7
9 1 6 10 15 0 3 7 12 0 0 0 0 0 14 0