0 0 1 0 0 0 0 3 14 0 2 0 0 15 7 0
0 10 13 0 1 0 0 4 16 0 0 7 6 12 0 5
12 14 0 11 0 6 0 0 0 0 0 0 13 2 0 3
0 7 0 0 12 11 0 16 15 0 0 13 1 0 4 0
0 6 8 0 5 12 16 15 0 3 11 10 7 0 9 4
3 0 12 0 11 0 0 0 0 2 13 15 0 0 6 0
0 15 7 16 9 0 10 0 6 0 0 5 3 1 0 2
0 0 0 1 6 0 0 2 0 9 4 0 0 0 0 0
5 2 15 0 0 0 0 10 0 0 0 12 0 11 3 1
14 3 0 4 0 2 0 0 11 13 0 6 9 0 0 0
8 13 0 0 0 0 11 0 0 1 5 0 0 4 10 0
1 0 9 0 14 0 0 12 0 16 0 0 5 0 0 8
11 0 0 0 10 0 0 0 0 8 7 1 15 16 0 12
7 12 2 0 0 0 0 8 5 0 0 11 0 0 1 6
16 0 0 0 0 1 0 11 13 0 0 9 4 3 0 0
9 1 0 0 15 0 3 0 0 4 16 0 8 0 0 11